{
 "cells": [
  {
   "cell_type": "code",
   "execution_count": 1,
   "metadata": {},
   "outputs": [
    {
     "data": {
      "text/html": [
       "<div>\n",
       "<style scoped>\n",
       "    .dataframe tbody tr th:only-of-type {\n",
       "        vertical-align: middle;\n",
       "    }\n",
       "\n",
       "    .dataframe tbody tr th {\n",
       "        vertical-align: top;\n",
       "    }\n",
       "\n",
       "    .dataframe thead th {\n",
       "        text-align: right;\n",
       "    }\n",
       "</style>\n",
       "<table border=\"1\" class=\"dataframe\">\n",
       "  <thead>\n",
       "    <tr style=\"text-align: right;\">\n",
       "      <th></th>\n",
       "      <th>0</th>\n",
       "      <th>1</th>\n",
       "      <th>2</th>\n",
       "      <th>3</th>\n",
       "      <th>4</th>\n",
       "      <th>5</th>\n",
       "      <th>6</th>\n",
       "      <th>7</th>\n",
       "      <th>8</th>\n",
       "      <th>9</th>\n",
       "    </tr>\n",
       "  </thead>\n",
       "  <tbody>\n",
       "    <tr>\n",
       "      <th>0</th>\n",
       "      <td>0.000000</td>\n",
       "      <td>1358.318814</td>\n",
       "      <td>2694.053452</td>\n",
       "      <td>2898.473909</td>\n",
       "      <td>2045.008557</td>\n",
       "      <td>2221.794545</td>\n",
       "      <td>2787.881633</td>\n",
       "      <td>2837.138347</td>\n",
       "      <td>3066.371797</td>\n",
       "      <td>2110.545190</td>\n",
       "    </tr>\n",
       "    <tr>\n",
       "      <th>1</th>\n",
       "      <td>1358.318814</td>\n",
       "      <td>0.000000</td>\n",
       "      <td>2890.861809</td>\n",
       "      <td>3059.456651</td>\n",
       "      <td>1688.687064</td>\n",
       "      <td>2114.868554</td>\n",
       "      <td>2969.828278</td>\n",
       "      <td>3187.170218</td>\n",
       "      <td>3152.149743</td>\n",
       "      <td>2546.707482</td>\n",
       "    </tr>\n",
       "    <tr>\n",
       "      <th>2</th>\n",
       "      <td>2694.053452</td>\n",
       "      <td>2890.861809</td>\n",
       "      <td>0.000000</td>\n",
       "      <td>2495.940103</td>\n",
       "      <td>2903.634963</td>\n",
       "      <td>2534.824846</td>\n",
       "      <td>2737.189434</td>\n",
       "      <td>2233.789157</td>\n",
       "      <td>2712.628246</td>\n",
       "      <td>2311.619995</td>\n",
       "    </tr>\n",
       "    <tr>\n",
       "      <th>3</th>\n",
       "      <td>2898.473909</td>\n",
       "      <td>3059.456651</td>\n",
       "      <td>2495.940103</td>\n",
       "      <td>0.000000</td>\n",
       "      <td>2990.020234</td>\n",
       "      <td>2331.992710</td>\n",
       "      <td>2286.687342</td>\n",
       "      <td>2591.912614</td>\n",
       "      <td>1921.252456</td>\n",
       "      <td>2370.647591</td>\n",
       "    </tr>\n",
       "    <tr>\n",
       "      <th>4</th>\n",
       "      <td>2045.008557</td>\n",
       "      <td>1688.687064</td>\n",
       "      <td>2903.634963</td>\n",
       "      <td>2990.020234</td>\n",
       "      <td>0.000000</td>\n",
       "      <td>2226.768286</td>\n",
       "      <td>2675.238681</td>\n",
       "      <td>3101.904899</td>\n",
       "      <td>2986.370707</td>\n",
       "      <td>2654.133945</td>\n",
       "    </tr>\n",
       "    <tr>\n",
       "      <th>5</th>\n",
       "      <td>2221.794545</td>\n",
       "      <td>2114.868554</td>\n",
       "      <td>2534.824846</td>\n",
       "      <td>2331.992710</td>\n",
       "      <td>2226.768286</td>\n",
       "      <td>0.000000</td>\n",
       "      <td>2279.229036</td>\n",
       "      <td>2620.541738</td>\n",
       "      <td>2465.823392</td>\n",
       "      <td>2302.254547</td>\n",
       "    </tr>\n",
       "    <tr>\n",
       "      <th>6</th>\n",
       "      <td>2787.881633</td>\n",
       "      <td>2969.828278</td>\n",
       "      <td>2737.189434</td>\n",
       "      <td>2286.687342</td>\n",
       "      <td>2675.238681</td>\n",
       "      <td>2279.229036</td>\n",
       "      <td>0.000000</td>\n",
       "      <td>2783.291577</td>\n",
       "      <td>1889.095021</td>\n",
       "      <td>2546.573580</td>\n",
       "    </tr>\n",
       "    <tr>\n",
       "      <th>7</th>\n",
       "      <td>2837.138347</td>\n",
       "      <td>3187.170218</td>\n",
       "      <td>2233.789157</td>\n",
       "      <td>2591.912614</td>\n",
       "      <td>3101.904899</td>\n",
       "      <td>2620.541738</td>\n",
       "      <td>2783.291577</td>\n",
       "      <td>0.000000</td>\n",
       "      <td>2735.021024</td>\n",
       "      <td>2465.792165</td>\n",
       "    </tr>\n",
       "    <tr>\n",
       "      <th>8</th>\n",
       "      <td>3066.371797</td>\n",
       "      <td>3152.149743</td>\n",
       "      <td>2712.628246</td>\n",
       "      <td>1921.252456</td>\n",
       "      <td>2986.370707</td>\n",
       "      <td>2465.823392</td>\n",
       "      <td>1889.095021</td>\n",
       "      <td>2735.021024</td>\n",
       "      <td>0.000000</td>\n",
       "      <td>2708.218049</td>\n",
       "    </tr>\n",
       "    <tr>\n",
       "      <th>9</th>\n",
       "      <td>2110.545190</td>\n",
       "      <td>2546.707482</td>\n",
       "      <td>2311.619995</td>\n",
       "      <td>2370.647591</td>\n",
       "      <td>2654.133945</td>\n",
       "      <td>2302.254547</td>\n",
       "      <td>2546.573580</td>\n",
       "      <td>2465.792165</td>\n",
       "      <td>2708.218049</td>\n",
       "      <td>0.000000</td>\n",
       "    </tr>\n",
       "  </tbody>\n",
       "</table>\n",
       "</div>"
      ],
      "text/plain": [
       "             0            1            2            3            4  \\\n",
       "0     0.000000  1358.318814  2694.053452  2898.473909  2045.008557   \n",
       "1  1358.318814     0.000000  2890.861809  3059.456651  1688.687064   \n",
       "2  2694.053452  2890.861809     0.000000  2495.940103  2903.634963   \n",
       "3  2898.473909  3059.456651  2495.940103     0.000000  2990.020234   \n",
       "4  2045.008557  1688.687064  2903.634963  2990.020234     0.000000   \n",
       "5  2221.794545  2114.868554  2534.824846  2331.992710  2226.768286   \n",
       "6  2787.881633  2969.828278  2737.189434  2286.687342  2675.238681   \n",
       "7  2837.138347  3187.170218  2233.789157  2591.912614  3101.904899   \n",
       "8  3066.371797  3152.149743  2712.628246  1921.252456  2986.370707   \n",
       "9  2110.545190  2546.707482  2311.619995  2370.647591  2654.133945   \n",
       "\n",
       "             5            6            7            8            9  \n",
       "0  2221.794545  2787.881633  2837.138347  3066.371797  2110.545190  \n",
       "1  2114.868554  2969.828278  3187.170218  3152.149743  2546.707482  \n",
       "2  2534.824846  2737.189434  2233.789157  2712.628246  2311.619995  \n",
       "3  2331.992710  2286.687342  2591.912614  1921.252456  2370.647591  \n",
       "4  2226.768286  2675.238681  3101.904899  2986.370707  2654.133945  \n",
       "5     0.000000  2279.229036  2620.541738  2465.823392  2302.254547  \n",
       "6  2279.229036     0.000000  2783.291577  1889.095021  2546.573580  \n",
       "7  2620.541738  2783.291577     0.000000  2735.021024  2465.792165  \n",
       "8  2465.823392  1889.095021  2735.021024     0.000000  2708.218049  \n",
       "9  2302.254547  2546.573580  2465.792165  2708.218049     0.000000  "
      ]
     },
     "execution_count": 1,
     "metadata": {},
     "output_type": "execute_result"
    }
   ],
   "source": [
    "#from scipy.spatial import distance\n",
    "#p1 = (1, 2, 3)\n",
    "#p2 = (4, 5, 6)\n",
    "#d = distance.euclidean(p1, p2)\n",
    "#print(\"Euclidean distance: \",d)\n",
    "#-------------------------------------#\n",
    "\n",
    "from scipy.spatial import distance\n",
    "import pandas as pd\n",
    "import numpy as np\n",
    "\n",
    "data = pd.read_csv('MNIST_100.csv')\n",
    "\n",
    "X = data.drop('label', axis = 1) # data의 label column을 없앰 0이면 row\n",
    "\n",
    "dst = np.zeros([10, 10])\n",
    "\n",
    "\n",
    "for i in range(10):\n",
    "    for j in range(10):\n",
    "        a = data.loc[i]\n",
    "        b = data.loc[j]\n",
    "        dst[i, j] = distance.euclidean(a, b)\n",
    "\n",
    "pd.DataFrame(dst)"
   ]
  },
  {
   "cell_type": "code",
   "execution_count": null,
   "metadata": {},
   "outputs": [],
   "source": [
    "np.sort(dst[0, 1:])\n"
   ]
  },
  {
   "cell_type": "code",
   "execution_count": null,
   "metadata": {},
   "outputs": [],
   "source": []
  }
 ],
 "metadata": {
  "kernelspec": {
   "display_name": "Python 3",
   "language": "python",
   "name": "python3"
  },
  "language_info": {
   "codemirror_mode": {
    "name": "ipython",
    "version": 3
   },
   "file_extension": ".py",
   "mimetype": "text/x-python",
   "name": "python",
   "nbconvert_exporter": "python",
   "pygments_lexer": "ipython3",
   "version": "3.7.8"
  }
 },
 "nbformat": 4,
 "nbformat_minor": 4
}
